 2021-May-01 00:35 2459335.524305556 Cs   38.162654698  14.993860585  38.445210642  15.084266713 290.2469  -1.0643  9.4767708986   6.913756856
 2021-May-02 00:37 2459336.525694444 Cs   39.119515080  15.295676046  39.402954429  15.384917699 290.8067  -1.2590  9.5759076255   6.949043997
 2021-May-03 00:39 2459337.527083333 Cs   40.078713403  15.593294665  40.363032281  15.681343839 291.3620  -1.4527  9.6750437066   6.984174888
 2021-May-04 00:41 2459338.528472222 Cs   41.040278631  15.886629887  41.325468847  15.973455995 291.9126  -1.6454  9.7741788730   7.019147617
 2021-May-05 00:38 2459339.526388889 Cs   42.000875155  16.174610860  42.286926387  16.260186195 291.6749  -0.9280  9.7897515847   6.970623159
 2021-May-06 00:40 2459340.527777778 Cs   42.967226334  16.459131037  43.254133113  16.543418287 292.2145  -1.1223  9.8888849585   7.005276084
 2021-May-07 00:42 2459341.529166667 Cs   43.935993966  16.739102909  44.223752912  16.822069414 292.7493  -1.3159  9.9880177718   7.039767578
 2021-May-08 00:44 2459342.530555556 Cs   44.907184156  17.014437455  45.195796059  17.096051488 293.2791  -1.5087 10.0871503435   7.074097273
 2021-May-09 00:46 2459343.531944444 Cs   45.880798482  17.285045834  46.170268170  17.365277101 293.8039  -1.7008 10.1862829954   7.108265117
 2021-May-10 00:43 2459344.529861111 Cs   46.853433416  17.549938437  47.143767542  17.628763486 293.5391  -0.9955 10.2018545259   7.058936690
 2021-May-11 00:45 2459345.531250000 Cs   47.831875235  17.810847085  48.123085444  17.888234257 294.0523  -1.1901 10.3009881126   7.092782416
 2021-May-12 00:47 2459346.532638889 Cs   48.812721384  18.066766603  49.104818445  18.142691041 294.5603  -1.3842 10.4001223887   7.126467826
 2021-May-13 00:49 2459347.534027778 Cs   49.795957826  18.317610981  50.088951385  18.392049410 295.0631  -1.5779 10.4992573781   7.159993952
 2021-May-14 00:46 2459348.531944444 Cs   50.778132636  18.562465133  51.072027988  18.635400908 294.7767  -0.8835 10.5148314875   7.110029622
 2021-May-15 00:48 2459349.533333333 Cs   51.766086043  18.802924563  52.060887490  18.874330964 295.2675  -1.0804 10.6139675432   7.143241710
 2021-May-16 00:50 2459350.534722222 Cs   52.756368827  19.038058921  53.052073927  19.107914736 295.7531  -1.2772 10.7131037971   7.176298869
 2021-May-17 00:52 2459351.536111111 Cs   53.748955227  19.267787973  54.045555854  19.336071586 296.2333  -1.4741 10.8122399594   7.209202902
 2021-May-18 00:54 2459352.537500000 Cs   54.743817253  19.492033348  55.041299708  19.558722207 296.7082  -1.6711 10.9113757380   7.241955757
 2021-May-19 00:51 2459353.535416667 Cs   55.737449895  19.709983377  56.035794298  19.775059375 296.3924  -0.9925 10.9269493880   7.191229768
 2021-May-20 00:53 2459354.536805556 Cs   56.736764370  19.923054355  57.035950548  19.986486122 296.8549  -1.1937 11.0260837376   7.223687034
 2021-May-21 00:55 2459355.538194444 Cs   57.738261817  20.130419771  58.038267417  20.192179985 297.3121  -1.3953 11.1252172783   7.255999450
 2021-May-22 00:57 2459356.539583333 Cs   58.741910656  20.332010634  59.042715850  20.392070720 297.7638  -1.5974 11.2243502000   7.288169143
 2021-May-23 00:54 2459357.537500000 Cs   59.744174873  20.527105990  60.045764625  20.585443420 297.4250  -0.9324 11.2399214308   7.236870456
 2021-May-24 00:56 2459358.538888889 Cs   60.752029491  20.716973240  61.054399396  20.773554539 297.8642  -1.1394 11.3390545242   7.268761231
 2021-May-25 00:58 2459359.540277778 Cs   61.761950297  20.900877085  62.065102824  20.955678180 298.2980  -1.3473 11.4381885873   7.300515066
 2021-May-26 01:00 2459360.541666667 Cs   62.773912660  21.078760316  63.077854365  21.131761630 298.7263  -1.5560 11.5373239893   7.332133698
 2021-May-27 00:57 2459361.539583333 Cs   63.784357702  21.249996876  64.089091247  21.301189687 298.3641  -0.9056 11.5528991880   7.280293105
 2021-May-28 00:59 2459362.540972222 Cs   64.800320319  21.415696877  65.105841394  21.465062090 298.7798  -1.1199 11.6520367218   7.311647296
 2021-May-29 01:01 2459363.542361111 Cs   65.818242021  21.575215420  66.124532399  21.622740637 299.1900  -1.3354 11.7511743940   7.342872234
 2021-May-30 01:03 2459364.543750000 Cs   66.838084612  21.728500311  67.145114434  21.774171336 299.5949  -1.5521 11.8503115415   7.373970579
 2021-May-31 01:00 2459365.541666667 Cs   67.856240506  21.875015232  68.163971743  21.918821924 299.2089  -0.9171 11.8658862445   7.321621462
 2021-Jun-01 01:02 2459366.543055556 Cs   68.879771805  22.015699485  69.188165774  22.057615840 299.6010  -1.1401 11.9650213751   7.352476990
 2021-Jun-02 01:04 2459367.544444445 Cs   69.905061945  22.149995899  70.214080627  22.190001019 299.9878  -1.3647 12.0641555565   7.383216848
 2021-Jun-03 01:06 2459368.545833333 Cs   70.932042205  22.277854665  71.241651526  22.315927167 300.3693  -1.5910 12.1632890635   7.413845628
 2021-Jun-04 01:03 2459369.543750000 Cs   71.957052541  22.398832462  72.267222947  22.434958489 299.9595  -0.9724 12.1788607478   7.361045885
 2021-Jun-05 01:05 2459370.545138889 Cs   72.987178023  22.513695206  73.297885431  22.547848122 300.3284  -1.2058 12.2779939225   7.391468227
 2021-Jun-06 01:07 2459371.546527778 Cs   74.018754437  22.621980646  74.329978318  22.654142579 300.6921  -1.4413 12.3771273960   7.421795508
 2021-Jun-07 01:04 2459372.544444445 Cs   75.048092761  22.723320021  75.359815288  22.753482501 300.2658  -0.8349 12.3926999061   7.368712220
 2021-Jun-08 01:06 2459373.545833333 Cs   76.082295560  22.818348638  76.394500630  22.846491172 300.6171  -1.0780 12.4918345773   7.398867869
 2021-Jun-09 01:08 2459374.547222222 Cs   77.117671195  22.906679496  77.430342339  22.932791214 300.9635  -1.3236 12.5909699664   7.428947144
 2021-Jun-10 01:10 2459375.548611111 Cs   78.154119871  22.988277445  78.467238781  23.012349817 301.3048  -1.5719 12.6901060123   7.458956760
 2021-Jun-11 01:07 2459376.546527778 Cs   79.187923583  23.062877324  79.501468677  23.084911212 300.8550  -0.9839 12.7056810541   7.405583142
 2021-Jun-12 01:09 2459377.547916667 Cs   80.226204653  23.130938784  80.540149507  23.150921928 301.1844  -1.2407 12.8048178475   7.435474547
 2021-Jun-13 01:11 2459378.549305555 Cs   81.265244219  23.192179078  81.579557062  23.210107494 301.5091  -1.5004 12.9039545972   7.465317460
 2021-Jun-14 01:08 2459379.547222222 Cs   82.301311157  23.246413202  82.615955288  23.262290559 301.0434  -0.9259 12.9195294997   7.411799147
 2021-Jun-15 01:10 2459380.548611111 Cs   83.341539768  23.293968286  83.656473020  23.307783036 301.3564  -1.1949 13.0186652911   7.441567090
 2021-Jun-16 01:12 2459381.550000000 Cs   84.382200663  23.334642168  84.697378231  23.346389115 301.6650  -1.4672 13.1178003008   7.471308419
 2021-Jun-17 01:09 2459382.547916667 Cs   85.419558876  23.368331476  85.734936312  23.378011491 301.1836  -0.9067 13.1333730091   7.417710588
 2021-Jun-18 01:11 2459383.549305555 Cs   86.460760419  23.395230422  86.776293829  23.402828043 301.4809  -1.1888 13.2325065440   7.447420289
 2021-Jun-19 01:13 2459384.550694444 Cs   87.502076056  23.415218655  87.817727758  23.420724851 301.7741  -1.4745 13.3316397454   7.477124562
 2021-Jun-20 01:10 2459385.548611111 Cs   88.539778386  23.428274997  88.855519910  23.431688285 301.2773  -0.9286 13.3472116106   7.423510283
 2021-Jun-21 01:12 2459386.550000000 Cs   89.581027402  23.434460245  89.896836512  23.435765581 301.5596  -1.2245 13.4463456600   7.453223226
 2021-Jun-22 01:14 2459387.551388889 Cs   90.622106496  23.433735792  90.937969273  23.432928947 301.8380  -1.5244 13.5454808486   7.482949564
 2021-Jun-23 01:11 2459388.549305555 Cs   91.659306885  23.426161592  91.975213262  23.423250570 301.3262  -0.9934 13.5610558334   7.429374949
 2021-Jun-24 01:13 2459389.550694444 Cs   92.699801958  23.411663462  93.015734983  23.406646008 301.5941  -1.3039 13.6601933809   7.459144382
 2021-Jun-25 01:15 2459390.552083333 Cs   93.739891102  23.390282192  94.055825587  23.383167349 301.8585  -1.6185 13.7593314162   7.488943044
 2021-Jun-26 01:12 2459391.550000000 Cs   94.775880354  23.362155691  95.091781096  23.352961458 301.3319  -1.1025 13.7749077208   7.435455648
 2021-Jun-27 01:14 2459392.551388889 Cs   95.814938971  23.327072544  96.130757741  23.315801151 301.5863  -1.4281 13.8740447116   7.465327529
 2021-Jun-28 01:11 2459393.549305555 Cs   96.849751905  23.285322506  97.165439521  23.271988938 301.0516  -0.9206 13.8896190876   7.411923120
 2021-Jun-29 01:13 2459394.550694444 Cs   97.887473604  23.236602806  98.202977418  23.221204781 301.2962  -1.2573 13.9887538583   7.441888697
 2021-Jun-30 01:15 2459395.552083333 Cs   98.924402213  23.181082158  99.239676045  23.163623053 301.5376  -1.5985 14.0878877727   7.471909370
 2021-Jul-01 01:12 2459396.550000000 Cs   99.956843470  23.119025465 100.271850159  23.099515274 300.9887  -1.1062 14.1034597032   7.418669693
 2021-Jul-02 01:14 2459397.551388889 Cs  100.991926560  23.049995276 101.306630662  23.028429441 301.2208  -1.4588 14.2025930032   7.448817626
 2021-Jul-03 01:11 2459398.549305555 Cs  102.022350692  22.974527040 102.336728016  22.950916795 300.6641  -0.9751 14.2181650236   7.395716489
 2021-Jul-04 01:13 2459399.550694444 Cs  103.055228232  22.892095037 103.369253972  22.866438525 300.8873  -1.3393 14.3172989954   7.426015397
 2021-Jul-05 01:10 2459400.548611111 Cs  104.083273193  22.803332613 104.396931522  22.775644674 300.3230  -0.8642 14.3328720996   7.373076665
 2021-Jul-06 01:12 2459401.550000000 Cs  105.113580711  22.707626877 105.426851963  22.677910029 300.5376  -1.2401 14.4320073899   7.403550592
 2021-Jul-07 01:14 2459402.551388889 Cs  106.142464580  22.605327538 106.455332244  22.573594045 300.7496  -1.6210 14.5311433427   7.434121193
 2021-Jul-08 01:11 2459403.549305555 Cs  107.166258546  22.496878049 107.478707911  22.463149742 300.1721  -1.1616 14.5467183261   7.381471132
 2021-Jul-09 01:13 2459404.550694444 Cs  108.192030095  22.381536998 108.504037674  22.345823529 300.3762  -1.5545 14.6458551172   7.412252606
 2021-Jul-10 01:10 2459405.548611111 Cs  109.212546003  22.260178758 109.524090721  22.222505781 299.7916  -1.1037 14.6614304262   7.359824378
 2021-Jul-11 01:12 2459406.550000000 Cs  110.234853097  22.131977818 110.545903194  22.092358003 299.9880  -1.5087 14.7605669350   7.390840055
 2021-Jul-12 01:09 2459407.547916667 Cs  111.251746332  21.997902976 111.562272730  21.956363243 299.3965  -1.0668 14.7761413538   7.338656505
 2021-Jul-13 01:11 2459408.549305555 Cs  112.270251689  21.857045940 112.580215984  21.813598805 299.5857  -1.4840 14.8752764737   7.369928741
 2021-Jul-14 01:08 2459409.547222222 Cs  113.283197346  21.710468291 113.592567963  21.665138595 298.9875  -1.0508 14.8908492480   7.318011384
 2021-Jul-15 01:10 2459410.548611111 Cs  114.297589342  21.557180116 114.606330116  21.509977316 299.1699  -1.4803 14.9899827822   7.349560775
 2021-Jul-16 01:07 2459411.546527778 Cs  115.306294679  21.398333634 115.614382584  21.349278729 298.5652  -1.0560 15.0055543993   7.297928894
 2021-Jul-17 01:09 2459412.547916667 Cs  116.316301061  21.232858221 116.623713374  21.181957492 298.7411  -1.4978 15.1046875178   7.329773293
 2021-Jul-18 01:06 2459413.545833333 Cs  117.320519842  21.061994045 117.627250653  21.009266650 298.1301  -1.0822 15.1202596561   7.278442946
 2021-Jul-19 01:08 2459414.547222222 Cs  118.325922215  20.884590378 118.631965814  20.830043447 298.3000  -1.5363 15.2193942226   7.310596502
 2021-Jul-20 01:05 2459415.545138889 Cs  119.325468474  20.701972156 119.630832056  20.645628529 297.6829  -1.1294 15.2349684588   7.259579655
 2021-Jul-21 01:07 2459416.546527778 Cs  120.326114216  20.512908944 120.630797293  20.454782459 297.8470  -1.5958 15.3341052818   7.292052129
 2021-Jul-22 01:04 2459417.544444445 Cs  121.320870370  20.318807103 121.624875319  20.258928588 297.2240  -1.1973 15.3496812940   7.241356273
 2021-Jul-23 01:06 2459418.545833333 Cs  122.316674583  20.118357172 122.619987208  20.056748310 297.3826  -1.6759 15.4488188855   7.274153072
 2021-Jul-24 01:03 2459419.543750000 Cs  123.306584927  19.913044227 123.609189710  19.849740734 296.7539  -1.2858 15.4643944171   7.223781770
 2021-Jul-25 01:00 2459420.541666667 Cs  124.294068960  19.702237711 124.595939908  19.637268658 296.1238  -0.8974 15.4799689439   7.173572950
 2021-Jul-26 01:02 2459421.543055556 Cs  125.282560967  19.485231384 125.583665944  19.418618046 296.2729  -1.3944 15.5791038079   7.206859412
 2021-Jul-27 00:59 2459422.540972222 Cs  126.265177366  19.263625868 126.565495498  19.195398659 295.6372  -1.0142 15.5946761607   7.156976461
 2021-Jul-28 01:01 2459423.542361111 Cs  127.248780768  19.035923914 127.548288625  18.966099272 295.7814  -1.5229 15.6938093161   7.190590074
 2021-Jul-29 00:58 2459424.540277778 Cs  128.226520954  18.803801984 128.525211170  18.732406152 295.1402  -1.1506 15.7093807002   7.141033289
 2021-Jul-30 01:00 2459425.541666667 Cs  129.205225188  18.565692719 129.503088658  18.492739970 295.2798  -1.6710 15.8085136644   7.174974421
 2021-Jul-31 00:57 2459426.539583333 Cs  130.178077251  18.323346843 130.475119611  18.248862716 294.6333  -1.3064 15.8240855276   7.125744220
 2021-Aug-01 00:54 2459427.537500000 Cs  131.148485615  18.076010584 131.444712401  18.000015777 293.9856  -0.9434 15.8396579716   7.076677145
 2021-Aug-02 00:56 2459428.538888889 Cs  132.119824186  17.822862515 132.415239286  17.745373672 294.1169  -1.4812 15.9387925797   7.111109961
 2021-Aug-03 00:53 2459429.536805556 Cs  133.085331531  17.565760819 133.379948764  17.486806777 293.4640  -1.1256 15.9543663592   7.062369775
 2021-Aug-04 00:55 2459430.538194444 Cs  134.051751192  17.302972446 134.345575378  17.222573303 293.5914  -1.6745 16.0535021874   7.097130496
 2021-Aug-05 00:52 2459431.536111111 Cs  135.012358332  17.036424475 135.305401208  16.954612514 292.9336  -1.3263 16.0690766260   7.048716545
 2021-Aug-06 00:49 2459432.534027778 Cs  135.970522725  16.765284353 136.262788690  16.682088375 292.2747  -0.9795 16.0846511599   7.000465247
 2021-Aug-07 00:51 2459433.535416667 Cs  136.929579758  16.488657662 137.221065109  16.404103136 292.3948  -1.5450 16.1837869931   7.035715986
 2021-Aug-08 00:48 2459434.533333333 Cs  137.882859891  16.208570918 138.173565443  16.122693914 291.7312  -1.2053 16.1993608369   6.987789807
 2021-Aug-09 00:45 2459435.531250000 Cs  138.833709636  15.924148159 139.123628771  15.836979969 291.0667  -0.8669 16.2149339575   6.940025373
 2021-Aug-10 00:47 2459436.532638889 Cs  139.785442033  15.634455172 140.074562536  15.546021773 291.1801  -1.4484 16.3140677386   6.975763570
 2021-Aug-11 00:44 2459437.530555556 Cs  140.731444830  15.341612373 141.019764673  15.251946900 290.5112  -1.1168 16.3296392729   6.928321628
 2021-Aug-12 00:46 2459438.531944444 Cs  141.678334855  15.043651918 141.965848024  14.952776186 290.6218  -1.7084 16.4287718018   6.964381933
 2021-Aug-13 00:43 2459439.529861111 Cs  142.619541148  14.742752533 142.906257583  14.650694365 289.9488  -1.3833 16.4443427694   6.917258931
 2021-Aug-14 00:40 2459440.527777778 Cs  143.558383560  14.437969194 143.844317256  14.344750062 289.2749  -1.0595 16.4599141342   6.870292984
 2021-Aug-15 00:42 2459441.529166667 Cs  144.498153863  14.128303345 144.783322242  14.033939907 289.3799  -1.6660 16.5590477930   6.906826310
 2021-Aug-16 00:39 2459442.527083333 Cs  145.432349653  13.816013228 145.716783384  13.720531003 288.7021  -1.3484 16.5746209892   6.860168764
 2021-Aug-17 00:36 2459443.525000000 Cs  146.364284954  13.500111518 146.648011274  13.403534100 288.0236  -1.0319 16.5901951786   6.813661094
 2021-Aug-18 00:38 2459444.526388889 Cs  147.297248240  13.179560035 147.580287058  13.081910418 288.1234  -1.6525 16.6893315694   6.850645766
 2021-Aug-19 00:35 2459445.524305556 Cs  148.224806492  12.856687380 148.507178830  12.757999548 287.4413  -1.3418 16.7049066797   6.804428091
 2021-Aug-20 00:32 2459446.522222222 Cs  149.150269121  12.530464119 149.431984016  12.430770947 286.7584  -1.0321 16.7204814638   6.758349196
 2021-Aug-21 00:34 2459447.523611111 Cs  150.076920209  12.199813465 150.357975955  12.099145876 286.8535  -1.6657 16.8196169605   6.795751897
 2021-Aug-22 00:31 2459448.521527778 Cs  150.998386470  11.867128424 151.278785190  11.765524062 286.1672  -1.3613 16.8351899299   6.749937584
 2021-Aug-23 00:28 2459449.519444444 Cs  151.917965251  11.531341187 152.197705473  11.428832584 285.4800  -1.0577 16.8507618808   6.704248183
 2021-Aug-24 00:30 2459450.520833333 Cs  152.838927338  11.191341266 153.118007608  11.087955487 285.5706  -1.7034 16.9498945315   6.742027358
 2021-Aug-25 00:27 2459451.518750000 Cs  153.754942979  10.849584091 154.033375543  10.745351885 284.8802  -1.4046 16.9654652718   6.696573569
 2021-Aug-26 00:24 2459452.516666667 Cs  154.669288643  10.504969869 154.947088480  10.399916778 284.1891  -1.1065 16.9810359725   6.651230074
 2021-Aug-27 00:26 2459453.518055555 Cs  155.585215317  10.156360617 155.862399548  10.050508098 284.2753  -1.7632 17.0801684443   6.689341808
 2021-Aug-28 00:23 2459454.515972222 Cs  156.496426306   9.806272033 156.773023652   9.699646653 283.5810  -1.4693 17.0957399406   6.644205030
 2021-Aug-29 00:20 2459455.513888889 Cs  157.406176465   9.453577101 157.682214505   9.346202665 282.8859  -1.1761 17.1113120622   6.599164429
 2021-Aug-30 00:17 2459456.511805556 Cs  158.314533638   9.098361015 158.590040917   8.990261947 282.1900  -0.8835 17.1268848245   6.554215430
 2021-Aug-31 00:19 2459457.513194445 Cs  159.224724835   8.739455094 159.499726188   8.630654400 282.2701  -1.5531 17.2260196487   6.592704569
 2021-Sep-01 00:16 2459458.511111111 Cs  160.130492305   8.379448071 160.405017358   8.269975006 281.5713  -1.2641 17.2415933934   6.547925570
 2021-Sep-02 00:13 2459459.509027778 Cs  161.035066784   8.017181242 161.309138935   7.907064041 280.8718  -0.9756 17.2571673313   6.503224736
 2021-Sep-03 00:15 2459460.510416667 Cs  161.941660479   7.651466533 162.215296373   7.540732891 280.9482  -1.6536 17.3563026879   6.541949596
 2021-Sep-04 00:12 2459461.508333333 Cs  162.844039109   7.284941746 163.117257320   7.173625157 280.2461  -1.3681 17.3718761823   6.497392361
 2021-Sep-05 00:09 2459462.506250000 Cs  163.745416771   6.916428657 164.018228978   6.804561492 279.5433  -1.0830 17.3874490476   6.452900449
 2021-Sep-06 00:11 2459463.507638889 Cs  164.648991133   6.544723977 164.921403587   6.432337251 279.6163  -1.7682 17.4865825986   6.491822360
 2021-Sep-07 00:08 2459464.505555556 Cs  165.548545899   6.172510181 165.820570560   6.059637952 278.9112  -1.4856 17.5021538441   6.447449140
 2021-Sep-08 00:05 2459465.503472222 Cs  166.447280257   5.798593349 166.718929279   5.685266026 278.2055  -1.2033 17.5177244729   6.403129188
 2021-Sep-09 00:02 2459466.501388889 Cs  167.345253370   5.423071296 167.616545142   5.309316596 277.4992  -0.9212 17.5332948820   6.358858539
 2021-Sep-10 00:04 2459467.502777778 Cs  168.245650376   5.044724655 168.516608679   4.930565956 277.5677  -1.6144 17.6324270630   6.397986484
 2021-Sep-11 00:01 2459468.500694444 Cs  169.142281980   4.666283559 169.412943504   4.551744695 276.8595  -1.3342 17.6479985150   6.353802281
 2021-Sep-11 23:58 2459469.498611111 Cs  170.038342323   4.286533048 170.308745767   4.171635378 276.1508  -1.0541 17.6635710014   6.309654617
 2021-Sep-13 00:00 2459470.500000000 Cs  170.937021171   3.904239875 171.207203556   3.789004271 276.2168  -1.7518 17.7627060242   6.348892454
 2021-Sep-13 23:57 2459471.497916667 Cs  171.832155584   3.522156686 172.102154821   3.406608501 275.5064  -1.4731 17.7782803277   6.304803340
 2021-Sep-14 23:54 2459472.495833333 Cs  172.726947620   3.139050620 172.996792583   3.023216967 274.7957  -1.1943 17.7938549502   6.260735445
 2021-Sep-15 23:51 2459473.493750000 Cs  173.621483436   2.755013438 173.891195266   2.638924512 274.0846  -0.9155 17.8094293752   6.216683024
 2021-Sep-16 23:53 2459474.495138889 Cs  174.518967586   2.368792898 174.788558731   2.252480667 274.1473  -1.6173 17.9085646492   6.255994067
 2021-Sep-17 23:50 2459475.493055556 Cs  175.413265325   1.983159485 175.682747885   1.866658871 273.4348  -1.3391 17.9241375031   6.211954311
 2021-Sep-18 23:47 2459476.490972222 Cs  176.307588336   1.596860542 176.576971568   1.480205747 272.7220  -1.0606 17.9397093751   6.167911271
 2021-Sep-19 23:49 2459477.492361111 Cs  177.205149370   1.208634363 177.474443056   1.091858190 272.7827  -1.7638 18.0388419006   6.207212364
 2021-Sep-20 23:46 2459478.490277778 Cs  178.099819391   0.821261033 178.369041663   0.704395307 272.0686  -1.4853 18.0544124101   6.163142966
 2021-Sep-21 23:43 2459479.488194444 Cs  178.994811700   0.433480003 179.263984571   0.316553945 271.3543  -1.2063 18.0699827604   6.119050456
 2021-Sep-22 23:40 2459480.486111111 Cs  179.890224570   0.045377393 180.159375556  -0.071581749 270.6396  -0.9270 18.0855533049   6.074928268
 2021-Sep-23 23:42 2459481.487500000 Cs  180.789274131  -0.344311109 181.058433579  -0.461277558 270.6976  -1.6299 18.1846858034   6.114123565
 2021-Sep-24 23:39 2459482.485416667 Cs  181.685819206  -0.732795378 181.955022974  -0.849744160 269.9818  -1.3497 18.2002574450   6.069922580
 2021-Sep-25 23:36 2459483.483333333 Cs  182.583071067  -1.121337243 182.852354195  -1.238243663 269.2658  -1.0689 18.2158297594   6.025672813
 2021-Sep-26 23:38 2459484.484722222 Cs  183.484248019  -1.511196987 183.753643651  -1.628035745 269.3220  -1.7701 18.3149641856   6.064721276
 2021-Sep-27 23:35 2459485.482638889 Cs  184.383189895  -1.899581422 184.652731353  -2.016326926 268.6051  -1.4878 18.3305376035   6.020355513
 2021-Sep-28 23:32 2459486.480555556 Cs  185.283109006  -2.287748866 185.552825333  -2.404374208 267.8879  -1.2047 18.3461113050   5.975922950
 2021-Sep-29 23:29 2459487.478472222 Cs  186.184091763  -2.675605292 186.454008178  -2.792082138 267.1705  -0.9209 18.3616850435   5.931417832
 2021-Sep-30 23:31 2459488.479861111 Cs  187.089362758  -3.064400189 187.359499596  -3.180697913 267.2247  -1.6175 18.4608200435   5.970186737
 2021-Oct-01 23:28 2459489.477777778 Cs  187.992727378  -3.451344308 188.263102510  -3.567431864 266.5068  -1.3314 18.4763930566   5.925519556
 2021-Oct-02 23:25 2459490.475694444 Cs  188.897401342  -3.837685522 189.168028741  -3.953529804 265.7887  -1.0445 18.4919653735   5.880763457
 2021-Oct-03 23:27 2459491.477083333 Cs  189.806614248  -4.224660047 190.077505947  -4.340225911 265.8416  -1.7362 18.5910983867   5.919264657
 2021-Oct-04 23:24 2459492.475000000 Cs  190.714135483  -4.609486635 190.985306154  -4.724740756 265.1233  -1.4464 18.6066692061   5.874315463
 2021-Oct-05 23:21 2459493.472916667 Cs  191.623182855  -4.993399674 191.894651328  -5.108308999 264.4049  -1.1555 18.6222396272   5.829262872
 2021-Oct-06 23:18 2459494.470833333 Cs  192.533821603  -5.376291110 192.805614308  -5.490825067 263.6864  -0.8636 18.6378101459   5.784102525
 2021-Oct-07 23:20 2459495.472222222 Cs  193.449289532  -5.759373049 193.721440964  -5.873502833 263.7386  -1.5468 18.7369428028   5.822180072
 2021-Oct-08 23:17 2459496.470138889 Cs  194.363304759  -6.139886040 194.635855946  -6.253588501 263.0204  -1.2513 18.7525150405   5.776791311
 2021-Oct-09 23:14 2459497.468055556 Cs  195.279099844  -6.519045518 195.552092638  -6.632297615 262.3022  -0.9548 18.7680884578   5.731282282
 2021-Oct-10 23:16 2459498.469444444 Cs  196.199933432  -6.898047752 196.473405744  -7.010824312 262.3543  -1.6301 18.8672243259   5.768997276
 2021-Oct-11 23:13 2459499.467361111 Cs  197.119494229  -7.274165385 197.393475768  -7.386442340 261.6368  -1.3295 18.8827991703   5.723234119
 2021-Oct-12 23:10 2459500.465277778 Cs  198.041041861  -7.648603434 198.315553336  -7.760352001 260.9194  -1.0276 18.8983739242   5.677337035
 2021-Oct-13 23:12 2459501.466666667 Cs  198.967866012  -8.022544238 199.242920787  -8.133730459 260.9717  -1.6939 18.9975095970   5.714648211
 2021-Oct-14 23:09 2459502.464583333 Cs  199.893625179  -8.393302364 200.169231133  -8.503893593 260.2553  -1.3873 19.0130828905   5.668467482
 2021-Oct-15 23:06 2459503.462500000 Cs  200.821607397  -8.762069767 201.097771410  -8.872029982 259.5392  -1.0794 19.0286552178   5.622137124
 2021-Oct-16 23:08 2459504.463888889 Cs  201.755131981  -9.130010610 202.031863142  -9.239301054 259.5922  -1.7353 19.1277881815   5.658997305
 2021-Oct-17 23:05 2459505.461805556 Cs  202.687816576  -9.494485646 202.965127109  -9.603072773 258.8772  -1.4222 19.1433590716   5.612350598
 2021-Oct-18 23:02 2459506.459722222 Cs  203.622973501  -9.856667701 203.900881101  -9.964517062 258.1626  -1.1075 19.1589297184   5.565537645
 2021-Oct-19 23:04 2459507.461111111 Cs  204.563947607 -10.217696597 204.842475651 -10.324772782 258.2166  -1.7517 19.2580619562   5.601896913
 2021-Oct-20 23:01 2459508.459027778 Cs  205.504304036 -10.574982532 205.783478778 -10.681257252 257.5035  -1.4313 19.2736331137   5.554734528
 2021-Oct-21 22:58 2459509.456944444 Cs  206.447375834 -10.929673165 206.727226593 -11.035117113 256.7906  -1.1091 19.2892048787   5.507389772
 2021-Oct-22 23:00 2459510.458333333 Cs  207.396530226 -11.282878184 207.677087898 -11.387460174 256.8460  -1.7405 19.3883388315   5.543199638
 2021-Oct-23 22:57 2459511.456250000 Cs  208.345269774 -11.632061186 208.626562252 -11.735756488 256.1349  -1.4121 19.4039119648   5.495474481
 2021-Oct-24 22:54 2459512.454166667 Cs  209.296946479 -11.978339625 209.578999810 -12.081120626 255.4241  -1.0818 19.4194856479   5.447552327
 2021-Oct-25 22:56 2459513.455555555 Cs  210.254948664 -12.322788385 210.537786322 -12.424623746 255.4813  -1.6992 19.5186211879   5.482768766
 2021-Oct-26 22:53 2459514.453472222 Cs  211.212708951 -12.662929893 211.496347606 -12.763793839 254.7726  -1.3621 19.5341953563   5.434438849
 2021-Oct-27 22:50 2459515.451388889 Cs  212.173598405 -12.999847596 212.458051116 -13.099709891 254.0642  -1.0232 19.5497693917   5.385899317
 2021-Oct-28 22:52 2459516.452777778 Cs  213.141026382 -13.334577881 213.426302981 -13.433403139 254.1238  -1.6254 19.6489045389   5.420484340
 2021-Oct-29 22:49 2459517.450694445 Cs  214.108349450 -13.664708308 214.394453397 -13.762466514 253.4178  -1.2792 19.6644776022   5.371514042
 2021-Oct-30 22:46 2459518.448611111 Cs  215.078957021 -13.991284574 215.365890711 -14.087940564 252.7123  -0.9309 19.6800499544   5.322323907
 2021-Oct-31 22:48 2459519.450000000 Cs  216.056277273 -14.315300374 216.344044206 -14.410813630 252.7749  -1.5171 19.7791830871   5.356246807
 2021-Nov-01 22:45 2459520.447916667 Cs  217.033582628 -14.634414109 217.322186316 -14.728751169 252.0720  -1.1611 19.7947542074   5.306608453
 2021-Nov-02 22:47 2459521.449305556 Cs  218.017686873 -14.950707929 218.307139405 -15.043827832 252.1360  -1.7361 19.8938866789   5.340077385
 2021-Nov-03 22:44 2459522.447222222 Cs  219.001801103 -15.261890794 219.292119900 -15.353763026 251.4362  -1.3721 19.9094580758   5.289983416
 2021-Nov-04 22:41 2459523.445138889 Cs  219.989337350 -15.568935467 220.280548752 -15.659528916 250.7371  -1.0060 19.9250304247   5.239660508
 2021-Nov-05 22:43 2459524.446527778 Cs  220.983747795 -15.872755282 221.275883379 -15.962038103 250.8054  -1.5634 20.0241655423   5.272439984
 2021-Nov-06 22:40 2459525.444444444 Cs  221.978156052 -16.171144353 222.271241275 -16.259096268 250.1098  -1.1890 20.0397403770   5.221657625
 2021-Nov-07 22:42 2459526.445833333 Cs  222.979465546 -16.466035021 223.273520361 -16.552627242 250.1805  -1.7344 20.1388774851   5.253976128
 2021-Nov-08 22:39 2459527.443750000 Cs  223.980750231 -16.755287139 224.275779086 -16.840498511 249.4886  -1.3515 20.1544532172   5.202734611
 2021-Nov-09 22:36 2459528.441666667 Cs  224.985469038 -17.039803792 225.281467156 -17.123605582 248.7977  -0.9665 20.1700284604   5.151263983
 2021-Nov-10 22:38 2459529.443055556 Cs  225.997128522 -17.320424063 226.294085563 -17.402779319 248.8744  -1.4931 20.2691643046   5.182891934
 2021-Nov-11 22:35 2459530.440972222 Cs  227.008735575 -17.595115629 227.306634946 -17.675994611 248.1878  -1.0992 20.2847376193   5.130961956
 2021-Nov-12 22:37 2459531.442361111 Cs  228.027314052 -17.865656089 228.326143612 -17.945017559 248.2678  -1.6131 20.3838714944   5.162128587
 2021-Nov-13 22:34 2459532.440277778 Cs  229.045822782 -18.130088058 229.345570641 -18.207900816 247.5857  -1.2103 20.3994432109   5.109738501
 2021-Nov-14 22:36 2459533.441666667 Cs  230.071330857 -18.390120764 230.371993007 -18.466343792 247.6695  -1.7112 20.4985760882   5.140443221
 2021-Nov-15 22:33 2459534.439583333 Cs  231.096745902 -18.643873629 231.398319799 -18.718478114 246.9922  -1.2992 20.5141475031   5.087592850
 2021-Nov-16 22:30 2459535.437500000 Cs  232.125604382 -18.892143007 232.428092787 -18.965096689 246.3161  -0.8849 20.5297192485   5.034513063
 2021-Nov-17 22:32 2459536.438888889 Cs  233.161485928 -19.135649502 233.464895463 -19.206916485 246.4079  -1.3656 20.6288530405   5.064526676
 2021-Nov-18 22:29 2459537.436805556 Cs  234.197218340 -19.372631738 234.501552892 -19.442189637 245.7369  -0.9418 20.6444260214   5.010989162
 2021-Nov-19 22:31 2459538.438194444 Cs  235.239972064 -19.604612619 235.545237367 -19.672429269 245.8334  -1.4090 20.7435611890   5.040545364
 2021-Nov-20 22:28 2459539.436111111 Cs  236.282519204 -19.829913358 236.588714600 -19.895969755 245.1677  -0.9756 20.7591354601   4.986554487
 2021-Nov-21 22:30 2459540.437500000 Cs  237.332067546 -20.049976968 237.639191119 -20.114243051 245.2693  -1.4291 20.8582716498   5.015658909
 2021-Nov-22 22:27 2459541.435416667 Cs  238.381332612 -20.263209837 238.689373815 -20.325668039 244.6092  -0.9860 20.8738465260   4.961221605
 2021-Nov-23 22:29 2459542.436805556 Cs  239.437557541 -20.470972453 239.746503283 -20.531592827 244.7163  -1.4256 20.9729828274   4.989882608
 2021-Nov-24 22:26 2459543.434722222 Cs  240.493400976 -20.671759109 240.803229622 -20.730523527 244.0620  -0.9728 20.9885573048   4.935008663
 2021-Nov-25 22:28 2459544.436111111 Cs  241.556139379 -20.866845362 241.866827534 -20.923722112 244.1750  -1.3984 21.0876927435   4.963237575
 2021-Nov-26 22:25 2459545.434027778 Cs  242.618374593 -21.054816200 242.929892809 -21.109785112 243.5269  -0.9356 21.1032660187   4.907939831
 2021-Nov-27 22:27 2459546.435416667 Cs  243.687413783 -21.236859929 243.999733797 -21.289886640 243.6463  -1.3473 21.2024000941   4.935751174
 2021-Nov-28 22:24 2459547.433333333 Cs  244.755801760 -21.411654888 245.068893995 -21.462717045 243.0045  -0.8745 21.2179721032   4.880045837
 2021-Nov-29 22:26 2459548.434722222 Cs  245.830872360 -21.580299758 246.144713242 -21.629361098 243.1308  -1.2721 21.3171053044   4.907457755
 2021-Nov-30 22:28 2459549.436111111 Cs  246.908841920 -21.742102710 247.223413305 -21.789134078 243.2593  -1.6631 21.4162386515   4.934677765
 2021-Dec-01 22:25 2459550.434027778 Cs  247.985876640 -21.896468556 248.301167462 -21.941449993 242.6293  -1.1728 21.4318111882   4.878400024
 2021-Dec-02 22:27 2459551.435416667 Cs  249.069341512 -22.044357395 249.385348943 -22.087259019 242.7655  -1.5500 21.5309463603   4.905256431
 2021-Dec-03 22:24 2459552.433333333 Cs  250.151635698 -22.184692985 250.468356610 -22.225503910 242.1427  -1.0497 21.5465213614   4.848630921
 2021-Dec-04 22:26 2459553.434722222 Cs  251.240142224 -22.318342276 251.557569526 -22.357041969 242.2871  -1.4130 21.6456589615   4.875154326
 2021-Dec-05 22:23 2459554.432638889 Cs  252.327212332 -22.444334351 252.645325474 -22.480919140 241.6718  -0.9028 21.6612355610   4.818213863
 2021-Dec-06 22:25 2459555.434027778 Cs  253.420253188 -22.563443929 253.739019180 -22.597895916 241.8249  -1.2524 21.7603734326   4.844438821
 2021-Dec-07 22:27 2459556.435416667 Cs  254.515369268 -22.675169194 254.834742901 -22.707475627 241.9813  -1.5959 21.8595104643   4.870527604
 2021-Dec-08 22:24 2459557.433333333 Cs  255.608637543 -22.779116025 255.928567591 -22.809268637 241.3799  -1.0686 21.8750848655   4.813180359
 2021-Dec-09 22:26 2459558.434722222 Cs  256.707511450 -22.875920189 257.027947279 -22.903893749 241.5458  -1.3987 21.9742196653   4.839023180
 2021-Dec-10 22:23 2459559.432638889 Cs  257.804273733 -22.964890846 258.125168334 -22.990673683 240.9527  -0.8617 21.9897921401   4.781447585
 2021-Dec-11 22:25 2459560.434027778 Cs  258.906404479 -23.046568684 259.227716496 -23.070134520 241.1288  -1.1787 22.0889256428   4.807077876
 2021-Dec-12 22:27 2459561.435416667 Cs  260.009981061 -23.120604242 260.331674927 -23.141935470 241.3088  -1.4900 22.1880590628   4.832614068
 2021-Dec-13 22:24 2459562.433333333 Cs  261.111060746 -23.186758280 261.433106308 -23.205846919 240.7308  -0.9363 22.2036312405   4.774757487
 2021-Dec-14 22:26 2459563.434722222 Cs  262.217153959 -23.245424778 262.539523785 -23.262250142 240.9215  -1.2348 22.3027654004   4.800130481
 2021-Dec-15 22:28 2459564.436111111 Cs  263.324321972 -23.296345587 263.646990777 -23.310897329 241.1166  -1.5279 22.4019001967   4.825434145
 2021-Dec-16 22:25 2459565.434027778 Cs  264.428610488 -23.339373855 264.751553750 -23.351652208 240.5542  -0.9577 22.4174741699   4.767370587
 2021-Dec-17 22:27 2459566.435416667 Cs  265.537550625 -23.374753874 265.860740876 -23.384746409 240.7606  -1.2384 22.5166102492   4.792560858
 2021-Dec-18 22:29 2459567.436805556 Cs  266.647190399 -23.402319205 266.970597689 -23.410023567 240.9718  -1.5139 22.6157467854   4.817706939
 2021-Dec-19 22:26 2459568.434722222 Cs  267.753567382 -23.422015449 268.077158553 -23.427438930 240.4255  -0.9277 22.6313220517   4.759511481
 2021-Dec-20 22:28 2459569.436111111 Cs  268.864225267 -23.433935389 269.187960347 -23.437071241 240.6486  -1.1914 22.7304587837   4.784594761
 2021-Dec-21 22:30 2459570.437500000 Cs  269.975202292 -23.438004599 270.299037441 -23.438854582 240.8767  -1.4502 22.8295952147   4.809659385
 2021-Dec-22 22:27 2459571.435416667 Cs  271.082531229 -23.434261020 271.406420119 -23.432834749 240.3470  -0.8483 22.8451696217   4.751408280
 2021-Dec-23 22:29 2459572.436805556 Cs  272.193759605 -23.422644964 272.517650454 -23.418936233 240.5875  -1.0958 22.9443048517   4.776461488
 2021-Dec-24 22:31 2459573.438194444 Cs  273.304918768 -23.403174176 273.628760494 -23.397183670 240.8334  -1.3388 23.0434393655   4.801521999
 2021-Dec-25 22:33 2459574.439583333 Cs  274.415876638 -23.375854418 274.739619873 -23.367581852 241.0848  -1.5774 23.1425732551   4.826598597
 2021-Dec-26 22:30 2459575.437500000 Cs  275.522663372 -23.340846548 275.846265180 -23.330298480 240.5795  -0.9539 23.1581452644   4.768394252
 2021-Dec-27 22:32 2459576.438888889 Cs  276.632816774 -23.297887635 276.956236610 -23.285054811 240.8440  -1.1820 23.2572787363   4.793529629
 2021-Dec-28 22:34 2459577.440277778 Cs  277.742360997 -23.247118706 278.065568701 -23.232000112 241.1142  -1.4062 23.3564126372   4.818708057
 2021-Dec-29 22:36 2459578.441666667 Cs  278.851153929 -23.188560318 279.174127869 -23.171156979 241.3903  -1.6265 23.4555474247   4.843938900
 2021-Dec-30 22:33 2459579.439583333 Cs  279.955223611 -23.122496416 280.277950812 -23.102820824 240.9102  -0.9825 23.4711219091   4.785925188
 2021-Dec-31 22:35 2459580.440972222 Cs  281.062075162 -23.048464168 281.384538680 -23.026518509 241.2000  -1.1932 23.5702590913   4.811289846
